1.000000 0.000000 0.000000
0.000000 -1.000000 -0.000175
0.000000 0.000175 -1.000000
1.000000 0.000000 0.000000
0.000000 -0.999999 -0.001485
0.000000 0.001485 -0.999999
1.000000 0.000000 0.000000
0.000000 -0.999996 -0.002796
0.000000 0.002796 -0.999996
1.000000 0.000000 0.000000
0.000000 -0.999992 -0.004107
0.000000 0.004107 -0.999992
1.000000 0.000000 0.000000
0.000000 -0.999985 -0.005418
0.000000 0.005418 -0.999985
1.000000 0.000000 0.000000
0.000000 -0.999977 -0.006729
0.000000 0.006729 -0.999977
1.000000 0.000000 0.000000
0.000000 -0.999968 -0.008040
0.000000 0.008040 -0.999968
1.000000 0.000000 0.000000
0.000000 -0.999956 -0.009351
0.000000 0.009351 -0.999956
1.000000 0.000000 0.000000
0.000000 -0.999943 -0.010662
0.000000 0.010662 -0.999943
1.000000 0.000000 0.000000
0.000000 -0.999928 -0.011973
0.000000 0.011973 -0.999928
1.000000 0.000000 0.000000
0.000000 -0.999912 -0.013284
0.000000 0.013284 -0.999912
1.000000 0.000000 0.000000
0.000000 -0.999893 -0.014595
0.000000 0.014595 -0.999893
1.000000 0.000000 0.000000
0.000000 -0.999874 -0.015905
0.000000 0.015905 -0.999874
1.000000 0.000000 0.000000
0.000000 -0.999852 -0.017216
0.000000 0.017216 -0.999852
1.000000 0.000000 0.000000
0.000000 -0.999828 -0.018527
0.000000 0.018527 -0.999828
1.000000 0.000000 0.000000
0.000000 -0.999803 -0.019838
0.000000 0.019838 -0.999803
1.000000 0.000000 0.000000
0.000000 -0.999776 -0.021148
0.000000 0.021148 -0.999776
1.000000 0.000000 0.000000
0.000000 -0.999748 -0.022459
0.000000 0.022459 -0.999748
1.000000 0.000000 0.000000
0.000000 -0.999717 -0.023770
0.000000 0.023770 -0.999717
1.000000 0.000000 0.000000
0.000000 -0.999685 -0.025080
0.000000 0.025080 -0.999685
1.000000 0.000000 0.000000
0.000000 -0.999652 -0.026391
0.000000 0.026391 -0.999652
1.000000 0.000000 0.000000
0.000000 -0.999616 -0.027701
0.000000 0.027701 -0.999616
1.000000 0.000000 0.000000
0.000000 -0.999579 -0.029012
0.000000 0.029012 -0.999579
1.000000 0.000000 0.000000
0.000000 -0.999540 -0.030322
0.000000 0.030322 -0.999540
1.000000 0.000000 0.000000
0.000000 -0.999500 -0.031632
0.000000 0.031632 -0.999500
1.000000 0.000000 0.000000
0.000000 -0.999457 -0.032943
0.000000 0.032943 -0.999457
1.000000 0.000000 0.000000
0.000000 -0.999413 -0.034253
0.000000 0.034253 -0.999413
1.000000 0.000000 0.000000
0.000000 -0.999367 -0.035563
0.000000 0.035563 -0.999367
1.000000 0.000000 0.000000
0.000000 -0.999320 -0.036873
0.000000 0.036873 -0.999320
1.000000 0.000000 0.000000
0.000000 -0.999271 -0.038183
0.000000 0.038183 -0.999271
1.000000 0.000000 0.000000
0.000000 -0.999220 -0.039493
0.000000 0.039493 -0.999220
1.000000 0.000000 0.000000
0.000000 -0.999167 -0.040803
0.000000 0.040803 -0.999167
1.000000 0.000000 0.000000
0.000000 -0.999113 -0.042113
0.000000 0.042113 -0.999113
1.000000 0.000000 0.000000
0.000000 -0.999057 -0.043423
0.000000 0.043423 -0.999057
1.000000 0.000000 0.000000
0.000000 -0.998999 -0.044732
0.000000 0.044732 -0.998999
1.000000 0.000000 0.000000
0.000000 -0.998940 -0.046042
0.000000 0.046042 -0.998940
1.000000 0.000000 0.000000
0.000000 -0.998878 -0.047352
0.000000 0.047352 -0.998878
1.000000 0.000000 0.000000
0.000000 -0.998815 -0.048661
0.000000 0.048661 -0.998815
1.000000 0.000000 0.000000
0.000000 -0.998751 -0.049970
0.000000 0.049970 -0.998751
1.000000 0.000000 0.000000
0.000000 -0.998684 -0.051280
0.000000 0.051280 -0.998684
1.000000 0.000000 0.000000
0.000000 -0.998616 -0.052589
0.000000 0.052589 -0.998616
1.000000 0.000000 0.000000
0.000000 -0.998546 -0.053898
0.000000 0.053898 -0.998546
1.000000 0.000000 0.000000
0.000000 -0.998475 -0.055207
0.000000 0.055207 -0.998475
1.000000 0.000000 0.000000
0.000000 -0.998402 -0.056516
0.000000 0.056516 -0.998402
1.000000 0.000000 0.000000
0.000000 -0.998327 -0.057825
0.000000 0.057825 -0.998327
1.000000 0.000000 0.000000
0.000000 -0.998250 -0.059133
0.000000 0.059133 -0.998250
1.000000 0.000000 0.000000
0.000000 -0.998172 -0.060442
0.000000 0.060442 -0.998172
1.000000 0.000000 0.000000
0.000000 -0.998092 -0.061751
0.000000 0.061751 -0.998092
1.000000 0.000000 0.000000
0.000000 -0.998010 -0.063059
0.000000 0.063059 -0.998010
1.000000 0.000000 0.000000
0.000000 -0.997926 -0.064367
0.000000 0.064367 -0.997926
1.000000 0.000000 0.000000
0.000000 -0.997841 -0.065675
0.000000 0.065675 -0.997841
1.000000 0.000000 0.000000
0.000000 -0.997754 -0.066984
0.000000 0.066984 -0.997754
1.000000 0.000000 0.000000
0.000000 -0.997665 -0.068292
0.000000 0.068292 -0.997665
1.000000 0.000000 0.000000
0.000000 -0.997575 -0.069599
0.000000 0.069599 -0.997575
1.000000 0.000000 0.000000
0.000000 -0.997483 -0.070907
0.000000 0.070907 -0.997483
1.000000 0.000000 0.000000
0.000000 -0.997389 -0.072215
0.000000 0.072215 -0.997389
1.000000 0.000000 0.000000
0.000000 -0.997294 -0.073522
0.000000 0.073522 -0.997294
1.000000 0.000000 0.000000
0.000000 -0.997196 -0.074830
0.000000 0.074830 -0.997196
1.000000 0.000000 0.000000
0.000000 -0.997097 -0.076137
0.000000 0.076137 -0.997097
1.000000 0.000000 0.000000
0.000000 -0.996997 -0.077444
0.000000 0.077444 -0.996997
1.000000 0.000000 0.000000
0.000000 -0.996894 -0.078751
0.000000 0.078751 -0.996894
1.000000 0.000000 0.000000
0.000000 -0.996790 -0.080058
0.000000 0.080058 -0.996790
1.000000 0.000000 0.000000
0.000000 -0.996684 -0.081364
0.000000 0.081364 -0.996684
1.000000 0.000000 0.000000
0.000000 -0.996577 -0.082671
0.000000 0.082671 -0.996577
1.000000 0.000000 0.000000
0.000000 -0.996468 -0.083977
0.000000 0.083977 -0.996468
1.000000 0.000000 0.000000
0.000000 -0.996357 -0.085284
0.000000 0.085284 -0.996357
1.000000 0.000000 0.000000
0.000000 -0.996244 -0.086590
0.000000 0.086590 -0.996244
1.000000 0.000000 0.000000
0.000000 -0.996130 -0.087896
0.000000 0.087896 -0.996130
1.000000 0.000000 0.000000
0.000000 -0.996014 -0.089201
0.000000 0.089201 -0.996014
1.000000 0.000000 0.000000
0.000000 -0.995896 -0.090507
0.000000 0.090507 -0.995896
1.000000 0.000000 0.000000
0.000000 -0.995776 -0.091813
0.000000 0.091813 -0.995776
1.000000 0.000000 0.000000
0.000000 -0.995655 -0.093118
0.000000 0.093118 -0.995655
1.000000 0.000000 0.000000
0.000000 -0.995532 -0.094423
0.000000 0.094423 -0.995532
1.000000 0.000000 0.000000
0.000000 -0.995408 -0.095728
0.000000 0.095728 -0.995408
1.000000 0.000000 0.000000
0.000000 -0.995281 -0.097033
0.000000 0.097033 -0.995281
1.000000 0.000000 0.000000
0.000000 -0.995153 -0.098338
0.000000 0.098338 -0.995153
1.000000 0.000000 0.000000
0.000000 -0.995023 -0.099642
0.000000 0.099642 -0.995023
1.000000 0.000000 0.000000
0.000000 -0.994892 -0.100947
0.000000 0.100947 -0.994892
1.000000 0.000000 0.000000
0.000000 -0.994759 -0.102251
0.000000 0.102251 -0.994759
1.000000 0.000000 0.000000
0.000000 -0.994624 -0.103555
0.000000 0.103555 -0.994624
1.000000 0.000000 0.000000
0.000000 -0.994487 -0.104859
0.000000 0.104859 -0.994487
1.000000 0.000000 0.000000
0.000000 -0.994349 -0.106162
0.000000 0.106162 -0.994349
1.000000 0.000000 0.000000
0.000000 -0.994209 -0.107466
0.000000 0.107466 -0.994209
1.000000 0.000000 0.000000
0.000000 -0.994067 -0.108769
0.000000 0.108769 -0.994067
1.000000 0.000000 0.000000
0.000000 -0.993924 -0.110072
0.000000 0.110072 -0.993924
1.000000 0.000000 0.000000
0.000000 -0.993778 -0.111375
0.000000 0.111375 -0.993778
1.000000 0.000000 0.000000
0.000000 -0.993632 -0.112678
0.000000 0.112678 -0.993632
1.000000 0.000000 0.000000
0.000000 -0.993483 -0.113980
0.000000 0.113980 -0.993483
1.000000 0.000000 0.000000
0.000000 -0.993333 -0.115283
0.000000 0.115283 -0.993333
1.000000 0.000000 0.000000
0.000000 -0.993181 -0.116585
0.000000 0.116585 -0.993181
1.000000 0.000000 0.000000
0.000000 -0.993027 -0.117887
0.000000 0.117887 -0.993027
1.000000 0.000000 0.000000
0.000000 -0.992872 -0.119188
0.000000 0.119188 -0.992872
1.000000 0.000000 0.000000
0.000000 -0.992715 -0.120490
0.000000 0.120490 -0.992715
1.000000 0.000000 0.000000
0.000000 -0.992556 -0.121791
0.000000 0.121791 -0.992556
1.000000 0.000000 0.000000
0.000000 -0.992395 -0.123092
0.000000 0.123092 -0.992395
1.000000 0.000000 0.000000
0.000000 -0.992233 -0.124393
0.000000 0.124393 -0.992233
1.000000 0.000000 0.000000
0.000000 -0.992069 -0.125694
0.000000 0.125694 -0.992069
1.000000 0.000000 0.000000
0.000000 -0.991903 -0.126994
0.000000 0.126994 -0.991903
1.000000 0.000000 0.000000
0.000000 -0.991736 -0.128295
0.000000 0.128295 -0.991736
1.000000 0.000000 0.000000
0.000000 -0.991567 -0.129595
0.000000 0.129595 -0.991567
1.000000 0.000000 0.000000
0.000000 -0.991396 -0.130894
0.000000 0.130894 -0.991396
1.000000 0.000000 0.000000
0.000000 -0.991224 -0.132194
0.000000 0.132194 -0.991224
1.000000 0.000000 0.000000
0.000000 -0.991050 -0.133493
0.000000 0.133493 -0.991050
1.000000 0.000000 0.000000
0.000000 -0.990874 -0.134792
0.000000 0.134792 -0.990874
1.000000 0.000000 0.000000
0.000000 -0.990696 -0.136091
0.000000 0.136091 -0.990696
1.000000 0.000000 0.000000
0.000000 -0.990517 -0.137390
0.000000 0.137390 -0.990517
1.000000 0.000000 0.000000
0.000000 -0.990336 -0.138688
0.000000 0.138688 -0.990336
1.000000 0.000000 0.000000
0.000000 -0.990153 -0.139987
0.000000 0.139987 -0.990153
1.000000 0.000000 0.000000
0.000000 -0.989969 -0.141284
0.000000 0.141284 -0.989969
1.000000 0.000000 0.000000
0.000000 -0.989783 -0.142582
0.000000 0.142582 -0.989783
1.000000 0.000000 0.000000
0.000000 -0.989595 -0.143880
0.000000 0.143880 -0.989595
1.000000 0.000000 0.000000
0.000000 -0.989406 -0.145177
0.000000 0.145177 -0.989406
1.000000 0.000000 0.000000
0.000000 -0.989215 -0.146474
0.000000 0.146474 -0.989215
1.000000 0.000000 0.000000
0.000000 -0.989022 -0.147770
0.000000 0.147770 -0.989022
1.000000 0.000000 0.000000
0.000000 -0.988827 -0.149067
0.000000 0.149067 -0.988827
1.000000 0.000000 0.000000
0.000000 -0.988631 -0.150363
0.000000 0.150363 -0.988631
1.000000 0.000000 0.000000
0.000000 -0.988433 -0.151659
0.000000 0.151659 -0.988433
1.000000 0.000000 0.000000
0.000000 -0.988233 -0.152955
0.000000 0.152955 -0.988233
1.000000 0.000000 0.000000
0.000000 -0.988032 -0.154250
0.000000 0.154250 -0.988032
1.000000 0.000000 0.000000
0.000000 -0.987829 -0.155545
0.000000 0.155545 -0.987829
1.000000 0.000000 0.000000
0.000000 -0.987624 -0.156840
0.000000 0.156840 -0.987624
1.000000 0.000000 0.000000
0.000000 -0.987418 -0.158135
0.000000 0.158135 -0.987418
1.000000 0.000000 0.000000
0.000000 -0.987209 -0.159429
0.000000 0.159429 -0.987209
1.000000 0.000000 0.000000
0.000000 -0.987000 -0.160723
0.000000 0.160723 -0.987000
1.000000 0.000000 0.000000
0.000000 -0.986788 -0.162017
0.000000 0.162017 -0.986788
1.000000 0.000000 0.000000
0.000000 -0.986575 -0.163310
0.000000 0.163310 -0.986575
1.000000 0.000000 0.000000
0.000000 -0.986360 -0.164604
0.000000 0.164604 -0.986360
1.000000 0.000000 0.000000
0.000000 -0.986143 -0.165897
0.000000 0.165897 -0.986143
1.000000 0.000000 0.000000
0.000000 -0.985925 -0.167189
0.000000 0.167189 -0.985925
1.000000 0.000000 0.000000
0.000000 -0.985705 -0.168482
0.000000 0.168482 -0.985705
1.000000 0.000000 0.000000
0.000000 -0.985483 -0.169774
0.000000 0.169774 -0.985483
1.000000 0.000000 0.000000
0.000000 -0.985260 -0.171065
0.000000 0.171065 -0.985260
1.000000 0.000000 0.000000
0.000000 -0.985035 -0.172357
0.000000 0.172357 -0.985035
1.000000 0.000000 0.000000
0.000000 -0.984808 -0.173648
0.000000 0.173648 -0.984808
1.000000 0.000000 0.000000
0.000000 -0.984808 -0.173648
0.000000 0.173648 -0.984808
1.000000 0.000000 0.000000
0.000000 -0.984808 -0.173648
0.000000 0.173648 -0.984808
1.000000 0.000000 0.000000
0.000000 -0.984808 -0.173648
0.000000 0.173648 -0.984808
1.000000 0.000000 0.000000
0.000000 -0.984808 -0.173648
0.000000 0.173648 -0.984808
1.000000 0.000000 0.000000
0.000000 -0.984808 -0.173648
0.000000 0.173648 -0.984808
1.000000 0.000000 0.000000
0.000000 -0.984808 -0.173648
0.000000 0.173648 -0.984808
1.000000 0.000000 0.000000
0.000000 -0.984808 -0.173648
0.000000 0.173648 -0.984808
1.000000 0.000000 0.000000
0.000000 -0.984808 -0.173648
0.000000 0.173648 -0.984808
1.000000 0.000000 0.000000
0.000000 -0.984808 -0.173648
0.000000 0.173648 -0.984808
1.000000 0.000000 0.000000
0.000000 -0.984808 -0.173648
0.000000 0.173648 -0.984808
1.000000 0.000000 0.000000
0.000000 -0.984808 -0.173648
0.000000 0.173648 -0.984808
1.000000 0.000000 0.000000
0.000000 -0.984808 -0.173648
0.000000 0.173648 -0.984808
1.000000 0.000000 0.000000
0.000000 -0.984808 -0.173648
0.000000 0.173648 -0.984808
1.000000 0.000000 0.000000
0.000000 -0.984808 -0.173648
0.000000 0.173648 -0.984808
1.000000 0.000000 0.000000
0.000000 -0.984808 -0.173648
0.000000 0.173648 -0.984808
1.000000 0.000000 0.000000
0.000000 -0.984808 -0.173648
0.000000 0.173648 -0.984808
1.000000 0.000000 0.000000
0.000000 -0.984808 -0.173648
0.000000 0.173648 -0.984808
1.000000 0.000000 0.000000
0.000000 -0.984808 -0.173648
0.000000 0.173648 -0.984808
1.000000 0.000000 0.000000
0.000000 -0.984808 -0.173648
0.000000 0.173648 -0.984808
1.000000 0.000000 0.000000
0.000000 -0.984808 -0.173648
0.000000 0.173648 -0.984808
1.000000 0.000000 0.000000
0.000000 -0.984808 -0.173648
0.000000 0.173648 -0.984808
1.000000 0.000000 0.000000
0.000000 -0.984808 -0.173648
0.000000 0.173648 -0.984808
1.000000 0.000000 0.000000
0.000000 -0.984808 -0.173648
0.000000 0.173648 -0.984808
1.000000 0.000000 0.000000
0.000000 -0.984808 -0.173648
0.000000 0.173648 -0.984808
1.000000 0.000000 0.000000
0.000000 -0.984808 -0.173648
0.000000 0.173648 -0.984808
1.000000 0.000000 0.000000
0.000000 -0.984808 -0.173648
0.000000 0.173648 -0.984808
1.000000 0.000000 0.000000
0.000000 -0.984808 -0.173648
0.000000 0.173648 -0.984808
1.000000 0.000000 0.000000
0.000000 -0.984808 -0.173648
0.000000 0.173648 -0.984808
1.000000 0.000000 0.000000
0.000000 -0.984808 -0.173648
0.000000 0.173648 -0.984808
1.000000 0.000000 0.000000
0.000000 -0.984808 -0.173648
0.000000 0.173648 -0.984808
1.000000 0.000000 0.000000
0.000000 -0.984808 -0.173648
0.000000 0.173648 -0.984808
1.000000 0.000000 0.000000
0.000000 -0.984808 -0.173648
0.000000 0.173648 -0.984808
1.000000 0.000000 0.000000
0.000000 -0.984808 -0.173648
0.000000 0.173648 -0.984808
1.000000 0.000000 0.000000
0.000000 -0.984808 -0.173648
0.000000 0.173648 -0.984808
1.000000 0.000000 0.000000
0.000000 -0.984808 -0.173648
0.000000 0.173648 -0.984808
1.000000 0.000000 0.000000
0.000000 -0.984808 -0.173648
0.000000 0.173648 -0.984808
1.000000 0.000000 0.000000
0.000000 -0.984808 -0.173648
0.000000 0.173648 -0.984808
1.000000 0.000000 0.000000
0.000000 -0.984808 -0.173648
0.000000 0.173648 -0.984808
1.000000 0.000000 0.000000
0.000000 -0.984808 -0.173648
0.000000 0.173648 -0.984808
1.000000 0.000000 0.000000
0.000000 -0.984808 -0.173648
0.000000 0.173648 -0.984808
1.000000 0.000000 0.000000
0.000000 -0.984808 -0.173648
0.000000 0.173648 -0.984808
1.000000 0.000000 0.000000
0.000000 -0.984808 -0.173648
0.000000 0.173648 -0.984808
1.000000 0.000000 0.000000
0.000000 -0.984808 -0.173648
0.000000 0.173648 -0.984808
1.000000 0.000000 0.000000
0.000000 -0.984808 -0.173648
0.000000 0.173648 -0.984808
1.000000 0.000000 0.000000
0.000000 -0.984808 -0.173648
0.000000 0.173648 -0.984808
1.000000 0.000000 0.000000
0.000000 -0.984808 -0.173648
0.000000 0.173648 -0.984808
1.000000 0.000000 0.000000
0.000000 -0.984808 -0.173648
0.000000 0.173648 -0.984808
1.000000 0.000000 0.000000
0.000000 -0.984808 -0.173648
0.000000 0.173648 -0.984808
1.000000 0.000000 0.000000
0.000000 -0.984808 -0.173648
0.000000 0.173648 -0.984808
1.000000 0.000000 0.000000
0.000000 -0.984808 -0.173648
0.000000 0.173648 -0.984808
1.000000 0.000000 0.000000
0.000000 -0.984808 -0.173648
0.000000 0.173648 -0.984808
1.000000 0.000000 0.000000
0.000000 -0.984808 -0.173648
0.000000 0.173648 -0.984808
1.000000 0.000000 0.000000
0.000000 -0.984808 -0.173648
0.000000 0.173648 -0.984808
1.000000 0.000000 0.000000
0.000000 -0.984808 -0.173648
0.000000 0.173648 -0.984808
1.000000 0.000000 0.000000
0.000000 -0.984808 -0.173648
0.000000 0.173648 -0.984808
1.000000 0.000000 0.000000
0.000000 -0.984808 -0.173648
0.000000 0.173648 -0.984808
1.000000 0.000000 0.000000
0.000000 -0.984808 -0.173648
0.000000 0.173648 -0.984808
1.000000 0.000000 0.000000
0.000000 -0.984808 -0.173648
0.000000 0.173648 -0.984808
1.000000 0.000000 0.000000
0.000000 -0.984808 -0.173648
0.000000 0.173648 -0.984808
1.000000 0.000000 0.000000
0.000000 -0.984808 -0.173648
0.000000 0.173648 -0.984808
1.000000 0.000000 0.000000
0.000000 -0.984808 -0.173648
0.000000 0.173648 -0.984808
1.000000 0.000000 0.000000
0.000000 -0.984808 -0.173648
0.000000 0.173648 -0.984808
1.000000 0.000000 0.000000
0.000000 -0.984808 -0.173648
0.000000 0.173648 -0.984808
1.000000 0.000000 0.000000
0.000000 -0.984808 -0.173648
0.000000 0.173648 -0.984808
1.000000 0.000000 0.000000
0.000000 -0.984808 -0.173648
0.000000 0.173648 -0.984808
1.000000 0.000000 0.000000
0.000000 -0.984808 -0.173648
0.000000 0.173648 -0.984808
1.000000 0.000000 0.000000
0.000000 -0.984808 -0.173648
0.000000 0.173648 -0.984808
1.000000 0.000000 0.000000
0.000000 -0.984808 -0.173648
0.000000 0.173648 -0.984808
1.000000 0.000000 0.000000
0.000000 -0.984808 -0.173648
0.000000 0.173648 -0.984808
1.000000 0.000000 0.000000
0.000000 -0.984808 -0.173648
0.000000 0.173648 -0.984808
1.000000 0.000000 0.000000
0.000000 -0.984808 -0.173648
0.000000 0.173648 -0.984808
1.000000 0.000000 0.000000
0.000000 -0.984808 -0.173648
0.000000 0.173648 -0.984808
1.000000 0.000000 0.000000
0.000000 -0.984808 -0.173648
0.000000 0.173648 -0.984808
1.000000 0.000000 0.000000
0.000000 -0.984808 -0.173648
0.000000 0.173648 -0.984808
1.000000 0.000000 0.000000
0.000000 -0.984808 -0.173648
0.000000 0.173648 -0.984808
1.000000 0.000000 0.000000
0.000000 -0.984808 -0.173648
0.000000 0.173648 -0.984808
1.000000 0.000000 0.000000
0.000000 -0.984808 -0.173648
0.000000 0.173648 -0.984808
1.000000 0.000000 0.000000
0.000000 -0.984808 -0.173648
0.000000 0.173648 -0.984808
1.000000 0.000000 0.000000
0.000000 -0.984808 -0.173648
0.000000 0.173648 -0.984808
1.000000 0.000000 0.000000
0.000000 -0.984808 -0.173648
0.000000 0.173648 -0.984808
1.000000 0.000000 0.000000
0.000000 -0.984808 -0.173648
0.000000 0.173648 -0.984808
1.000000 0.000000 0.000000
0.000000 -0.984808 -0.173648
0.000000 0.173648 -0.984808
1.000000 0.000000 0.000000
0.000000 -0.984808 -0.173648
0.000000 0.173648 -0.984808
1.000000 0.000000 0.000000
0.000000 -0.984808 -0.173648
0.000000 0.173648 -0.984808
1.000000 0.000000 0.000000
0.000000 -0.984808 -0.173648
0.000000 0.173648 -0.984808
1.000000 0.000000 0.000000
0.000000 -0.984808 -0.173648
0.000000 0.173648 -0.984808
1.000000 0.000000 0.000000
0.000000 -0.984808 -0.173648
0.000000 0.173648 -0.984808
1.000000 0.000000 0.000000
0.000000 -0.984808 -0.173648
0.000000 0.173648 -0.984808
1.000000 0.000000 0.000000
0.000000 -0.984808 -0.173648
0.000000 0.173648 -0.984808
1.000000 0.000000 0.000000
0.000000 -0.984808 -0.173648
0.000000 0.173648 -0.984808
1.000000 0.000000 0.000000
0.000000 -0.984808 -0.173648
0.000000 0.173648 -0.984808
1.000000 0.000000 0.000000
0.000000 -0.984808 -0.173648
0.000000 0.173648 -0.984808
1.000000 0.000000 0.000000
0.000000 -0.984808 -0.173648
0.000000 0.173648 -0.984808
1.000000 0.000000 0.000000
0.000000 -0.984808 -0.173648
0.000000 0.173648 -0.984808
1.000000 0.000000 0.000000
0.000000 -0.984808 -0.173648
0.000000 0.173648 -0.984808
1.000000 0.000000 0.000000
0.000000 -0.984808 -0.173648
0.000000 0.173648 -0.984808
1.000000 0.000000 0.000000
0.000000 -0.984808 -0.173648
0.000000 0.173648 -0.984808
1.000000 0.000000 0.000000
0.000000 -0.984808 -0.173648
0.000000 0.173648 -0.984808
1.000000 0.000000 0.000000
0.000000 -0.984808 -0.173648
0.000000 0.173648 -0.984808
1.000000 0.000000 0.000000
0.000000 -0.984808 -0.173648
0.000000 0.173648 -0.984808
1.000000 0.000000 0.000000
0.000000 -0.984808 -0.173648
0.000000 0.173648 -0.984808
1.000000 0.000000 0.000000
0.000000 -0.984808 -0.173648
0.000000 0.173648 -0.984808
1.000000 0.000000 0.000000
0.000000 -0.984808 -0.173648
0.000000 0.173648 -0.984808
1.000000 0.000000 0.000000
0.000000 -0.984808 -0.173648
0.000000 0.173648 -0.984808
1.000000 0.000000 0.000000
0.000000 -0.984808 -0.173648
0.000000 0.173648 -0.984808
1.000000 0.000000 0.000000
0.000000 -0.984808 -0.173648
0.000000 0.173648 -0.984808
1.000000 0.000000 0.000000
0.000000 -0.984808 -0.173648
0.000000 0.173648 -0.984808
1.000000 0.000000 0.000000
0.000000 -0.984808 -0.173648
0.000000 0.173648 -0.984808
1.000000 0.000000 0.000000
0.000000 -0.984808 -0.173648
0.000000 0.173648 -0.984808
1.000000 0.000000 0.000000
0.000000 -0.984808 -0.173648
0.000000 0.173648 -0.984808
1.000000 0.000000 0.000000
0.000000 -0.984808 -0.173648
0.000000 0.173648 -0.984808
1.000000 0.000000 0.000000
0.000000 -0.984808 -0.173648
0.000000 0.173648 -0.984808
1.000000 0.000000 0.000000
0.000000 -0.984808 -0.173648
0.000000 0.173648 -0.984808
1.000000 0.000000 0.000000
0.000000 -0.984808 -0.173648
0.000000 0.173648 -0.984808
1.000000 0.000000 0.000000
0.000000 -0.984808 -0.173648
0.000000 0.173648 -0.984808
1.000000 0.000000 0.000000
0.000000 -0.984808 -0.173648
0.000000 0.173648 -0.984808
1.000000 0.000000 0.000000
0.000000 -0.984808 -0.173648
0.000000 0.173648 -0.984808
1.000000 0.000000 0.000000
0.000000 -0.984808 -0.173648
0.000000 0.173648 -0.984808
1.000000 0.000000 0.000000
0.000000 -0.984808 -0.173648
0.000000 0.173648 -0.984808
1.000000 0.000000 0.000000
0.000000 -0.984808 -0.173648
0.000000 0.173648 -0.984808
1.000000 0.000000 0.000000
0.000000 -0.984808 -0.173648
0.000000 0.173648 -0.984808
1.000000 0.000000 0.000000
0.000000 -0.984808 -0.173648
0.000000 0.173648 -0.984808
1.000000 0.000000 0.000000
0.000000 -0.984808 -0.173648
0.000000 0.173648 -0.984808
1.000000 0.000000 0.000000
0.000000 -0.984808 -0.173648
0.000000 0.173648 -0.984808
1.000000 0.000000 0.000000
0.000000 -0.984808 -0.173648
0.000000 0.173648 -0.984808
1.000000 0.000000 0.000000
0.000000 -0.984808 -0.173648
0.000000 0.173648 -0.984808
1.000000 0.000000 0.000000
0.000000 -0.984808 -0.173648
0.000000 0.173648 -0.984808
1.000000 0.000000 0.000000
0.000000 -0.984808 -0.173648
0.000000 0.173648 -0.984808
1.000000 0.000000 0.000000
0.000000 -0.984808 -0.173648
0.000000 0.173648 -0.984808
1.000000 0.000000 0.000000
0.000000 -0.984808 -0.173648
0.000000 0.173648 -0.984808
1.000000 0.000000 0.000000
0.000000 -0.984808 -0.173648
0.000000 0.173648 -0.984808
1.000000 0.000000 0.000000
0.000000 -0.984808 -0.173648
0.000000 0.173648 -0.984808
1.000000 0.000000 0.000000
0.000000 -0.984808 -0.173648
0.000000 0.173648 -0.984808
1.000000 0.000000 0.000000
0.000000 -0.985035 -0.172357
0.000000 0.172357 -0.985035
1.000000 0.000000 0.000000
0.000000 -0.985260 -0.171065
0.000000 0.171065 -0.985260
1.000000 0.000000 0.000000
0.000000 -0.985483 -0.169774
0.000000 0.169774 -0.985483
1.000000 0.000000 0.000000
0.000000 -0.985705 -0.168482
0.000000 0.168482 -0.985705
1.000000 0.000000 0.000000
0.000000 -0.985925 -0.167189
0.000000 0.167189 -0.985925
1.000000 0.000000 0.000000
0.000000 -0.986143 -0.165897
0.000000 0.165897 -0.986143
1.000000 0.000000 0.000000
0.000000 -0.986360 -0.164604
0.000000 0.164604 -0.986360
1.000000 0.000000 0.000000
0.000000 -0.986575 -0.163310
0.000000 0.163310 -0.986575
1.000000 0.000000 0.000000
0.000000 -0.986788 -0.162017
0.000000 0.162017 -0.986788
1.000000 0.000000 0.000000
0.000000 -0.987000 -0.160723
0.000000 0.160723 -0.987000
1.000000 0.000000 0.000000
0.000000 -0.987209 -0.159429
0.000000 0.159429 -0.987209
1.000000 0.000000 0.000000
0.000000 -0.987418 -0.158135
0.000000 0.158135 -0.987418
1.000000 0.000000 0.000000
0.000000 -0.987624 -0.156840
0.000000 0.156840 -0.987624
1.000000 0.000000 0.000000
0.000000 -0.987829 -0.155545
0.000000 0.155545 -0.987829
1.000000 0.000000 0.000000
0.000000 -0.988032 -0.154250
0.000000 0.154250 -0.988032
1.000000 0.000000 0.000000
0.000000 -0.988233 -0.152955
0.000000 0.152955 -0.988233
1.000000 0.000000 0.000000
0.000000 -0.988433 -0.151659
0.000000 0.151659 -0.988433
1.000000 0.000000 0.000000
0.000000 -0.988631 -0.150363
0.000000 0.150363 -0.988631
1.000000 0.000000 0.000000
0.000000 -0.988827 -0.149067
0.000000 0.149067 -0.988827
1.000000 0.000000 0.000000
0.000000 -0.989022 -0.147770
0.000000 0.147770 -0.989022
1.000000 0.000000 0.000000
0.000000 -0.989215 -0.146474
0.000000 0.146474 -0.989215
1.000000 0.000000 0.000000
0.000000 -0.989406 -0.145177
0.000000 0.145177 -0.989406
1.000000 0.000000 0.000000
0.000000 -0.989595 -0.143880
0.000000 0.143880 -0.989595
1.000000 0.000000 0.000000
0.000000 -0.989783 -0.142582
0.000000 0.142582 -0.989783
1.000000 0.000000 0.000000
0.000000 -0.989969 -0.141284
0.000000 0.141284 -0.989969
1.000000 0.000000 0.000000
0.000000 -0.990153 -0.139987
0.000000 0.139987 -0.990153
1.000000 0.000000 0.000000
0.000000 -0.990336 -0.138688
0.000000 0.138688 -0.990336
1.000000 0.000000 0.000000
0.000000 -0.990517 -0.137390
0.000000 0.137390 -0.990517
1.000000 0.000000 0.000000
0.000000 -0.990696 -0.136091
0.000000 0.136091 -0.990696
1.000000 0.000000 0.000000
0.000000 -0.990874 -0.134792
0.000000 0.134792 -0.990874
1.000000 0.000000 0.000000
0.000000 -0.991050 -0.133493
0.000000 0.133493 -0.991050
1.000000 0.000000 0.000000
0.000000 -0.991224 -0.132194
0.000000 0.132194 -0.991224
1.000000 0.000000 0.000000
0.000000 -0.991396 -0.130894
0.000000 0.130894 -0.991396
1.000000 0.000000 0.000000
0.000000 -0.991567 -0.129595
0.000000 0.129595 -0.991567
1.000000 0.000000 0.000000
0.000000 -0.991736 -0.128295
0.000000 0.128295 -0.991736
1.000000 0.000000 0.000000
0.000000 -0.991903 -0.126994
0.000000 0.126994 -0.991903
1.000000 0.000000 0.000000
0.000000 -0.992069 -0.125694
0.000000 0.125694 -0.992069
1.000000 0.000000 0.000000
0.000000 -0.992233 -0.124393
0.000000 0.124393 -0.992233
1.000000 0.000000 0.000000
0.000000 -0.992395 -0.123092
0.000000 0.123092 -0.992395
1.000000 0.000000 0.000000
0.000000 -0.992556 -0.121791
0.000000 0.121791 -0.992556
1.000000 0.000000 0.000000
0.000000 -0.992715 -0.120490
0.000000 0.120490 -0.992715
1.000000 0.000000 0.000000
0.000000 -0.992872 -0.119188
0.000000 0.119188 -0.992872
1.000000 0.000000 0.000000
0.000000 -0.993027 -0.117887
0.000000 0.117887 -0.993027
1.000000 0.000000 0.000000
0.000000 -0.993181 -0.116585
0.000000 0.116585 -0.993181
1.000000 0.000000 0.000000
0.000000 -0.993333 -0.115283
0.000000 0.115283 -0.993333
1.000000 0.000000 0.000000
0.000000 -0.993483 -0.113980
0.000000 0.113980 -0.993483
1.000000 0.000000 0.000000
0.000000 -0.993632 -0.112678
0.000000 0.112678 -0.993632
1.000000 0.000000 0.000000
0.000000 -0.993778 -0.111375
0.000000 0.111375 -0.993778
1.000000 0.000000 0.000000
0.000000 -0.993924 -0.110072
0.000000 0.110072 -0.993924
1.000000 0.000000 0.000000
0.000000 -0.994067 -0.108769
0.000000 0.108769 -0.994067
1.000000 0.000000 0.000000
0.000000 -0.994209 -0.107466
0.000000 0.107466 -0.994209
1.000000 0.000000 0.000000
0.000000 -0.994349 -0.106162
0.000000 0.106162 -0.994349
1.000000 0.000000 0.000000
0.000000 -0.994487 -0.104859
0.000000 0.104859 -0.994487
1.000000 0.000000 0.000000
0.000000 -0.994624 -0.103555
0.000000 0.103555 -0.994624
1.000000 0.000000 0.000000
0.000000 -0.994759 -0.102251
0.000000 0.102251 -0.994759
1.000000 0.000000 0.000000
0.000000 -0.994892 -0.100947
0.000000 0.100947 -0.994892
1.000000 0.000000 0.000000
0.000000 -0.995023 -0.099642
0.000000 0.099642 -0.995023
1.000000 0.000000 0.000000
0.000000 -0.995153 -0.098338
0.000000 0.098338 -0.995153
1.000000 0.000000 0.000000
0.000000 -0.995281 -0.097033
0.000000 0.097033 -0.995281
1.000000 0.000000 0.000000
0.000000 -0.995408 -0.095728
0.000000 0.095728 -0.995408
1.000000 0.000000 0.000000
0.000000 -0.995532 -0.094423
0.000000 0.094423 -0.995532
1.000000 0.000000 0.000000
0.000000 -0.995655 -0.093118
0.000000 0.093118 -0.995655
1.000000 0.000000 0.000000
0.000000 -0.995776 -0.091813
0.000000 0.091813 -0.995776
1.000000 0.000000 0.000000
0.000000 -0.995896 -0.090507
0.000000 0.090507 -0.995896
1.000000 0.000000 0.000000
0.000000 -0.996014 -0.089201
0.000000 0.089201 -0.996014
1.000000 0.000000 0.000000
0.000000 -0.996130 -0.087896
0.000000 0.087896 -0.996130
1.000000 0.000000 0.000000
0.000000 -0.996244 -0.086590
0.000000 0.086590 -0.996244
1.000000 0.000000 0.000000
0.000000 -0.996357 -0.085284
0.000000 0.085284 -0.996357
1.000000 0.000000 0.000000
0.000000 -0.996468 -0.083977
0.000000 0.083977 -0.996468
1.000000 0.000000 0.000000
0.000000 -0.996577 -0.082671
0.000000 0.082671 -0.996577
1.000000 0.000000 0.000000
0.000000 -0.996684 -0.081364
0.000000 0.081364 -0.996684
1.000000 0.000000 0.000000
0.000000 -0.996790 -0.080058
0.000000 0.080058 -0.996790
1.000000 0.000000 0.000000
0.000000 -0.996894 -0.078751
0.000000 0.078751 -0.996894
1.000000 0.000000 0.000000
0.000000 -0.996997 -0.077444
0.000000 0.077444 -0.996997
1.000000 0.000000 0.000000
0.000000 -0.997097 -0.076137
0.000000 0.076137 -0.997097
1.000000 0.000000 0.000000
0.000000 -0.997196 -0.074830
0.000000 0.074830 -0.997196
1.000000 0.000000 0.000000
0.000000 -0.997294 -0.073522
0.000000 0.073522 -0.997294
1.000000 0.000000 0.000000
0.000000 -0.997389 -0.072215
0.000000 0.072215 -0.997389
1.000000 0.000000 0.000000
0.000000 -0.997483 -0.070907
0.000000 0.070907 -0.997483
1.000000 0.000000 0.000000
0.000000 -0.997575 -0.069599
0.000000 0.069599 -0.997575
1.000000 0.000000 0.000000
0.000000 -0.997665 -0.068292
0.000000 0.068292 -0.997665
1.000000 0.000000 0.000000
0.000000 -0.997754 -0.066984
0.000000 0.066984 -0.997754
1.000000 0.000000 0.000000
0.000000 -0.997841 -0.065675
0.000000 0.065675 -0.997841
1.000000 0.000000 0.000000
0.000000 -0.997926 -0.064367
0.000000 0.064367 -0.997926
1.000000 0.000000 0.000000
0.000000 -0.998010 -0.063059
0.000000 0.063059 -0.998010
1.000000 0.000000 0.000000
0.000000 -0.998092 -0.061751
0.000000 0.061751 -0.998092
1.000000 0.000000 0.000000
0.000000 -0.998172 -0.060442
0.000000 0.060442 -0.998172
1.000000 0.000000 0.000000
0.000000 -0.998250 -0.059133
0.000000 0.059133 -0.998250
1.000000 0.000000 0.000000
0.000000 -0.998327 -0.057825
0.000000 0.057825 -0.998327
1.000000 0.000000 0.000000
0.000000 -0.998402 -0.056516
0.000000 0.056516 -0.998402
1.000000 0.000000 0.000000
0.000000 -0.998475 -0.055207
0.000000 0.055207 -0.998475
1.000000 0.000000 0.000000
0.000000 -0.998546 -0.053898
0.000000 0.053898 -0.998546
1.000000 0.000000 0.000000
0.000000 -0.998616 -0.052589
0.000000 0.052589 -0.998616
1.000000 0.000000 0.000000
0.000000 -0.998684 -0.051280
0.000000 0.051280 -0.998684
1.000000 0.000000 0.000000
0.000000 -0.998751 -0.049970
0.000000 0.049970 -0.998751
1.000000 0.000000 0.000000
0.000000 -0.998815 -0.048661
0.000000 0.048661 -0.998815
1.000000 0.000000 0.000000
0.000000 -0.998878 -0.047352
0.000000 0.047352 -0.998878
1.000000 0.000000 0.000000
0.000000 -0.998940 -0.046042
0.000000 0.046042 -0.998940
1.000000 0.000000 0.000000
0.000000 -0.998999 -0.044732
0.000000 0.044732 -0.998999
1.000000 0.000000 0.000000
0.000000 -0.999057 -0.043423
0.000000 0.043423 -0.999057
1.000000 0.000000 0.000000
0.000000 -0.999113 -0.042113
0.000000 0.042113 -0.999113
1.000000 0.000000 0.000000
0.000000 -0.999167 -0.040803
0.000000 0.040803 -0.999167
1.000000 0.000000 0.000000
0.000000 -0.999220 -0.039493
0.000000 0.039493 -0.999220
1.000000 0.000000 0.000000
0.000000 -0.999271 -0.038183
0.000000 0.038183 -0.999271
1.000000 0.000000 0.000000
0.000000 -0.999320 -0.036873
0.000000 0.036873 -0.999320
1.000000 0.000000 0.000000
0.000000 -0.999367 -0.035563
0.000000 0.035563 -0.999367
1.000000 0.000000 0.000000
0.000000 -0.999413 -0.034253
0.000000 0.034253 -0.999413
1.000000 0.000000 0.000000
0.000000 -0.999457 -0.032943
0.000000 0.032943 -0.999457
1.000000 0.000000 0.000000
0.000000 -0.999500 -0.031632
0.000000 0.031632 -0.999500
1.000000 0.000000 0.000000
0.000000 -0.999540 -0.030322
0.000000 0.030322 -0.999540
1.000000 0.000000 0.000000
0.000000 -0.999579 -0.029012
0.000000 0.029012 -0.999579
1.000000 0.000000 0.000000
0.000000 -0.999616 -0.027701
0.000000 0.027701 -0.999616
1.000000 0.000000 0.000000
0.000000 -0.999652 -0.026391
0.000000 0.026391 -0.999652
1.000000 0.000000 0.000000
0.000000 -0.999685 -0.025080
0.000000 0.025080 -0.999685
1.000000 0.000000 0.000000
0.000000 -0.999717 -0.023770
0.000000 0.023770 -0.999717
1.000000 0.000000 0.000000
0.000000 -0.999748 -0.022459
0.000000 0.022459 -0.999748
1.000000 0.000000 0.000000
0.000000 -0.999776 -0.021148
0.000000 0.021148 -0.999776
1.000000 0.000000 0.000000
0.000000 -0.999803 -0.019838
0.000000 0.019838 -0.999803
1.000000 0.000000 0.000000
0.000000 -0.999828 -0.018527
0.000000 0.018527 -0.999828
1.000000 0.000000 0.000000
0.000000 -0.999852 -0.017216
0.000000 0.017216 -0.999852
1.000000 0.000000 0.000000
0.000000 -0.999874 -0.015905
0.000000 0.015905 -0.999874
1.000000 0.000000 0.000000
0.000000 -0.999893 -0.014595
0.000000 0.014595 -0.999893
1.000000 0.000000 0.000000
0.000000 -0.999912 -0.013284
0.000000 0.013284 -0.999912
1.000000 0.000000 0.000000
0.000000 -0.999928 -0.011973
0.000000 0.011973 -0.999928
1.000000 0.000000 0.000000
0.000000 -0.999943 -0.010662
0.000000 0.010662 -0.999943
1.000000 0.000000 0.000000
0.000000 -0.999956 -0.009351
0.000000 0.009351 -0.999956
1.000000 0.000000 0.000000
0.000000 -0.999968 -0.008040
0.000000 0.008040 -0.999968
1.000000 0.000000 0.000000
0.000000 -0.999977 -0.006729
0.000000 0.006729 -0.999977
1.000000 0.000000 0.000000
0.000000 -0.999985 -0.005418
0.000000 0.005418 -0.999985
1.000000 0.000000 0.000000
0.000000 -0.999992 -0.004107
0.000000 0.004107 -0.999992
1.000000 0.000000 0.000000
0.000000 -0.999996 -0.002796
0.000000 0.002796 -0.999996
1.000000 0.000000 0.000000
0.000000 -0.999999 -0.001485
0.000000 0.001485 -0.999999
1.000000 0.000000 0.000000
0.000000 -1.000000 -0.000175
0.000000 0.000175 -1.000000
1.000000 0.000000 0.000000
0.000000 -0.999999 -0.001485
0.000000 0.001485 -0.999999
1.000000 0.000000 0.000000
0.000000 -0.999996 -0.002796
0.000000 0.002796 -0.999996
1.000000 0.000000 0.000000
0.000000 -0.999992 -0.004107
0.000000 0.004107 -0.999992
1.000000 0.000000 0.000000
0.000000 -0.999985 -0.005418
0.000000 0.005418 -0.999985
1.000000 0.000000 0.000000
0.000000 -0.999977 -0.006729
0.000000 0.006729 -0.999977
1.000000 0.000000 0.000000
0.000000 -0.999968 -0.008040
0.000000 0.008040 -0.999968
1.000000 0.000000 0.000000
0.000000 -0.999956 -0.009351
0.000000 0.009351 -0.999956
1.000000 0.000000 0.000000
0.000000 -0.999943 -0.010662
0.000000 0.010662 -0.999943
1.000000 0.000000 0.000000
0.000000 -0.999928 -0.011973
0.000000 0.011973 -0.999928
1.000000 0.000000 0.000000
0.000000 -0.999912 -0.013284
0.000000 0.013284 -0.999912
1.000000 0.000000 0.000000
0.000000 -0.999893 -0.014595
0.000000 0.014595 -0.999893
1.000000 0.000000 0.000000
0.000000 -0.999874 -0.015905
0.000000 0.015905 -0.999874
1.000000 0.000000 0.000000
0.000000 -0.999852 -0.017216
0.000000 0.017216 -0.999852
1.000000 0.000000 0.000000
0.000000 -0.999828 -0.018527
0.000000 0.018527 -0.999828
1.000000 0.000000 0.000000
0.000000 -0.999803 -0.019838
0.000000 0.019838 -0.999803
1.000000 0.000000 0.000000
0.000000 -0.999776 -0.021148
0.000000 0.021148 -0.999776
1.000000 0.000000 0.000000
0.000000 -0.999748 -0.022459
0.000000 0.022459 -0.999748
1.000000 0.000000 0.000000
0.000000 -0.999717 -0.023770
0.000000 0.023770 -0.999717
1.000000 0.000000 0.000000
0.000000 -0.999685 -0.025080
0.000000 0.025080 -0.999685
1.000000 0.000000 0.000000
0.000000 -0.999652 -0.026391
0.000000 0.026391 -0.999652
1.000000 0.000000 0.000000
0.000000 -0.999616 -0.027701
0.000000 0.027701 -0.999616
1.000000 0.000000 0.000000
0.000000 -0.999579 -0.029012
0.000000 0.029012 -0.999579
1.000000 0.000000 0.000000
0.000000 -0.999540 -0.030322
0.000000 0.030322 -0.999540
1.000000 0.000000 0.000000
0.000000 -0.999500 -0.031632
0.000000 0.031632 -0.999500
1.000000 0.000000 0.000000
0.000000 -0.999457 -0.032943
0.000000 0.032943 -0.999457
1.000000 0.000000 0.000000
0.000000 -0.999413 -0.034253
0.000000 0.034253 -0.999413
1.000000 0.000000 0.000000
0.000000 -0.999367 -0.035563
0.000000 0.035563 -0.999367
1.000000 0.000000 0.000000
0.000000 -0.999320 -0.036873
0.000000 0.036873 -0.999320
1.000000 0.000000 0.000000
0.000000 -0.999271 -0.038183
0.000000 0.038183 -0.999271
1.000000 0.000000 0.000000
0.000000 -0.999220 -0.039493
0.000000 0.039493 -0.999220
1.000000 0.000000 0.000000
0.000000 -0.999167 -0.040803
0.000000 0.040803 -0.999167
1.000000 0.000000 0.000000
0.000000 -0.999113 -0.042113
0.000000 0.042113 -0.999113
1.000000 0.000000 0.000000
0.000000 -0.999057 -0.043423
0.000000 0.043423 -0.999057
1.000000 0.000000 0.000000
0.000000 -0.998999 -0.044732
0.000000 0.044732 -0.998999
1.000000 0.000000 0.000000
0.000000 -0.998940 -0.046042
0.000000 0.046042 -0.998940
1.000000 0.000000 0.000000
0.000000 -0.998878 -0.047352
0.000000 0.047352 -0.998878
1.000000 0.000000 0.000000
0.000000 -0.998815 -0.048661
0.000000 0.048661 -0.998815
1.000000 0.000000 0.000000
0.000000 -0.998751 -0.049970
0.000000 0.049970 -0.998751
1.000000 0.000000 0.000000
0.000000 -0.998684 -0.051280
0.000000 0.051280 -0.998684
1.000000 0.000000 0.000000
0.000000 -0.998616 -0.052589
0.000000 0.052589 -0.998616
1.000000 0.000000 0.000000
0.000000 -0.998546 -0.053898
0.000000 0.053898 -0.998546
1.000000 0.000000 0.000000
0.000000 -0.998475 -0.055207
0.000000 0.055207 -0.998475
1.000000 0.000000 0.000000
0.000000 -0.998402 -0.056516
0.000000 0.056516 -0.998402
1.000000 0.000000 0.000000
0.000000 -0.998327 -0.057825
0.000000 0.057825 -0.998327
1.000000 0.000000 0.000000
0.000000 -0.998250 -0.059133
0.000000 0.059133 -0.998250
1.000000 0.000000 0.000000
0.000000 -0.998172 -0.060442
0.000000 0.060442 -0.998172
1.000000 0.000000 0.000000
0.000000 -0.998092 -0.061751
0.000000 0.061751 -0.998092
1.000000 0.000000 0.000000
0.000000 -0.998010 -0.063059
0.000000 0.063059 -0.998010
1.000000 0.000000 0.000000
0.000000 -0.997926 -0.064367
0.000000 0.064367 -0.997926
1.000000 0.000000 0.000000
0.000000 -0.997841 -0.065675
0.000000 0.065675 -0.997841
1.000000 0.000000 0.000000
0.000000 -0.997754 -0.066984
0.000000 0.066984 -0.997754
1.000000 0.000000 0.000000
0.000000 -0.997665 -0.068292
0.000000 0.068292 -0.997665
1.000000 0.000000 0.000000
0.000000 -0.997575 -0.069599
0.000000 0.069599 -0.997575
1.000000 0.000000 0.000000
0.000000 -0.997483 -0.070907
0.000000 0.070907 -0.997483
1.000000 0.000000 0.000000
0.000000 -0.997389 -0.072215
0.000000 0.072215 -0.997389
1.000000 0.000000 0.000000
0.000000 -0.997294 -0.073522
0.000000 0.073522 -0.997294
1.000000 0.000000 0.000000
0.000000 -0.997196 -0.074830
0.000000 0.074830 -0.997196
1.000000 0.000000 0.000000
0.000000 -0.997097 -0.076137
0.000000 0.076137 -0.997097
1.000000 0.000000 0.000000
0.000000 -0.996997 -0.077444
0.000000 0.077444 -0.996997
1.000000 0.000000 0.000000
0.000000 -0.996894 -0.078751
0.000000 0.078751 -0.996894
1.000000 0.000000 0.000000
0.000000 -0.996790 -0.080058
0.000000 0.080058 -0.996790
1.000000 0.000000 0.000000
0.000000 -0.996684 -0.081364
0.000000 0.081364 -0.996684
1.000000 0.000000 0.000000
0.000000 -0.996577 -0.082671
0.000000 0.082671 -0.996577
1.000000 0.000000 0.000000
0.000000 -0.996468 -0.083977
0.000000 0.083977 -0.996468
1.000000 0.000000 0.000000
0.000000 -0.996357 -0.085284
0.000000 0.085284 -0.996357
1.000000 0.000000 0.000000
0.000000 -0.996244 -0.086590
0.000000 0.086590 -0.996244
1.000000 0.000000 0.000000
0.000000 -0.996130 -0.087896
0.000000 0.087896 -0.996130
1.000000 0.000000 0.000000
0.000000 -0.996014 -0.089201
0.000000 0.089201 -0.996014
1.000000 0.000000 0.000000
0.000000 -0.995896 -0.090507
0.000000 0.090507 -0.995896
1.000000 0.000000 0.000000
0.000000 -0.995776 -0.091813
0.000000 0.091813 -0.995776
1.000000 0.000000 0.000000
0.000000 -0.995655 -0.093118
0.000000 0.093118 -0.995655
1.000000 0.000000 0.000000
0.000000 -0.995532 -0.094423
0.000000 0.094423 -0.995532
1.000000 0.000000 0.000000
0.000000 -0.995408 -0.095728
0.000000 0.095728 -0.995408
1.000000 0.000000 0.000000
0.000000 -0.995281 -0.097033
0.000000 0.097033 -0.995281
1.000000 0.000000 0.000000
0.000000 -0.995153 -0.098338
0.000000 0.098338 -0.995153
1.000000 0.000000 0.000000
0.000000 -0.995023 -0.099642
0.000000 0.099642 -0.995023
